=== ┘ê╪▒┘é╪ر1 - ALL ROWS ===
Total rows: 451
0 ["╪د┘╪ز╪د╪▒┘è╪«","╪د┘┘â┘à┘è╪ر ╪ذ╪د┘┘╪ز╪▒ ","╪د┘╪│╪╣╪▒ ","╪د┘╪ح╪ش┘à╪د┘┘è","╪د┘╪┤╪ذ┘â┘ç","╪د┘┘┘é╪»┘è","┘à╪╡╪▒┘ê┘╪د╪ز","╪د┘┘à╪ز╪ذ┘é┘è ","╪ذ┘è╪د┘"]
1 [45809,211,2.2,464.20000000000005,null,464.20000000000005,null,464.20000000000005,2]
2 [null,104,2.2,228.8,null,228.8,null,228.8,8]
3 [45810,116,2.2,255.20000000000002,null,255.20000000000002,null,255.20000000000002,2]
4 [45811,31,2.2,68.2,50,18.200000000000003,null,18.200000000000003,2]
5 [null,63,2.2,138.60000000000002,null,138.60000000000002,null,138.60000000000002,6]
6 [45812,68,2.2,149.60000000000002,null,149.60000000000002,null,149.60000000000002,6]
7 [null,59,2.2,129.8,150,-20.19999999999999,null,-20.19999999999999,0]
8 [45876,49,2.2,107.80000000000001,null,107.80000000000001,null,107.80000000000001,8]
9 [45816,174,2.2,382.8,382,0.8000000000000114,null,0.8000000000000114,4]
10 [45817,22,2.2,48.400000000000006,null,48.400000000000006,null,48.400000000000006,4]
11 [null,41,2.2,90.2,138.6,-48.39999999999999,null,-48.39999999999999,0]
12 [45818,29,2.2,63.800000000000004,null,63.800000000000004,null,63.800000000000004,8]
13 [null,111,2.2,244.20000000000002,135,109.20000000000002,null,109.20000000000002,2]
14 [45819,48,2.2,105.60000000000001,null,105.60000000000001,null,105.60000000000001,6]
15 [null,63,2.2,138.60000000000002,null,138.60000000000002,null,138.60000000000002,6]
16 [45820,13,2.2,28.6,null,28.6,null,28.6,6]
17 [null,4,2.2,8.8,null,8.8,null,8.8,8]
18 [null,9,2.2,19.8,10,9.8,null,9.8,8]
19 [45821,63,2.2,138.60000000000002,null,138.60000000000002,null,138.60000000000002,6]
20 [45822,109,2.2,239.8,null,239.8,null,239.8,8]
21 [null,21,2.2,46.2,null,46.2,null,46.2,2]
22 [null,31,2.2,68.2,247,-178.8,null,-178.8,0]
23 [45823,27,2.2,59.400000000000006,null,59.400000000000006,null,59.400000000000006,4]
24 [45824,105,2.2,231.00000000000003,210,21.00000000000003,null,21.00000000000003,0]
25 [null,86,2.2,189.20000000000002,169,20.200000000000017,null,20.200000000000017,2]
26 [45825,49,2.2,107.80000000000001,null,107.80000000000001,null,107.80000000000001,8]
27 [null,148,2.2,325.6,null,325.6,null,325.6,6]
28 [45826,83,2.2,182.60000000000002,440,-257.4,null,-257.4,0]
29 [null,161,2.2,354.20000000000005,null,354.20000000000005,null,354.20000000000005,2]
30 [45827,320,2.2,704,630,74,null,74,0]
31 [null,174,2.2,382.8,null,382.8,null,382.8,8]
32 [45828,81,2.2,178.20000000000002,null,178.20000000000002,null,178.20000000000002,2]
33 [null,32,2.2,70.4,null,70.4,null,70.4,4]
34 [45829,228,2.2,501.6,68,433.6,null,433.6,6]
35 [null,69,2.2,151.8,null,151.8,null,151.8,8]
36 [45830,124,2.2,272.8,null,272.8,null,272.8,8]
37 [null,154,2.2,338.8,540,-201.2,null,-201.2,0]
38 [null,68,2.2,149.60000000000002,null,149.60000000000002,null,149.60000000000002,6]
39 [45831,392,2.2,862.4000000000001,210,652.4000000000001,null,652.4000000000001,4]
40 [45832,303,2.2,666.6,198,468.6,null,468.6,6]
41 [45833,295,2.2,649,560,89,null,89,0]
42 [45834,436,2.2,959.2,null,959.2,null,959.2,0]
43 [45835,321,2.2,706.2,282,424.20000000000005,null,424.20000000000005,0]
44 [45836,599,2.2,1317.8000000000002,210,1107.8000000000002,null,1107.8000000000002,8]
45 [45837,535,2.2,1177,192,985,null,985,0]
46 [45838,295,2.2,649,null,649,null,649,0]
47 [45839,500,2.2,1100,857.22,242.77999999999997,null,242.77999999999997,8]
48 [45840,650,2.2,1430.0000000000002,498,932.0000000000002,null,932.0000000000002,0]
49 [45841,350,2.2,770.0000000000001,280,490.0000000000001,null,490.0000000000001,0]
50 ["╪د┘╪ش┘à╪╣┘ç",null,null,0,null,0,null,0,0]
51 [45843,205,2.2,451.00000000000006,200,251.00000000000006,null,251.00000000000006,0]
52 [45844,491,2.2,1080.2,891,189.20000000000005,null,189.20000000000005,2]
53 [45845,287,2.2,631.4000000000001,70,561.4000000000001,null,561.4000000000001,4]
54 [45846,275,2.2,605,50,555,null,555,0]
55 [45847,159,2.2,349.8,232.5,117.30000000000001,null,117.30000000000001,3]
56 [45848,171,2.2,376.20000000000005,300,76.20000000000005,null,76.20000000000005,2]
57 [45849,275,2.2,605,50,555,null,555,0]
58 [45850,243,2.2,534.6,null,534.6,null,534.6,6]
59 [45851,550,2.2,1210,800,410,null,410,0]
60 [45852,418,2.2,919.6,10,909.6,null,909.6,6]
61 [45853,271,2.2,596.2,94,502.20000000000005,null,502.20000000000005,2]
62 [45854,455,2.2,1001.0000000000001,532,469.0000000000001,null,469.0000000000001,0]
63 [45855,550,2.2,1210,null,1210,null,1210,0]
64 [45856,173,2.2,380.6,null,380.6,null,380.6,6]
65 [45857,437,2.2,961.4000000000001,114,847.4000000000001,null,847.4000000000001,4]
66 [45858,null,null,0,null,0,null,0]
67 [45858,682,2.2,1500.4,740,760.4000000000001,null,760.4000000000001,4]
68 [45859,911,2.2,2004.2000000000003,600,1404.2000000000003,null,1404.2000000000003,2]
69 [45860,1228,2.2,2701.6000000000004,501,2200.6000000000004,null,2200.6000000000004,6]
70 [45861,857,2.2,1885.4,870,1015.4000000000001,null,1015.4000000000001,4]
71 [45862,578,2.2,1271.6000000000001,40,1231.6000000000001,null,1231.6000000000001,6]
72 [45863,257,2.2,565.4000000000001,123,442.4000000000001,14,428.4000000000001]
73 [45864,848,2.2,1865.6000000000001,908,957.6000000000001,null,957.6000000000001]
74 [45865,500,2.2,1100,60,1040,null,1040]
75 [45866,916,2.2,2015.2000000000003,331,1684.2000000000003,null,1684.2000000000003]
76 [45867,805,2.2,1771.0000000000002,661,1110.0000000000002,30595,-29485,"╪ز┘à ╪ح┘è╪»╪د╪╣ ╪د┘┘à╪ذ╪د┘╪║ ╪د┘┘┘é╪»┘è╪ر ┘┘è ╪د┘╪ذ┘┘â"]
77 [45868,880,2.2,1936.0000000000002,350,1586.0000000000002,null,1586.0000000000002]
78 [45869,509,2.2,1119.8000000000002,1008,111.80000000000018,null,111.80000000000018]
79 [45870,521,2.2,1146.2,null,1146.2,null,1146.2]
80 [45871,484,2.2,1064.8000000000002,445,619.8000000000002,null,619.8000000000002,"┘â╪د╪▒╪ز ╪ز┘┘è┘┘ê┘ ┘┘╪╣╪د┘à┘ "]
81 [45872,null,null,null,null,0,3445,-3445,"╪ح┘è╪»╪د╪╣  ╪د┘┘à╪ذ╪د┘╪║ ┘┘è ╪د┘╪ذ┘┘â"]
82 [45872,365,2.2,803.0000000000001,198,605.0000000000001,null,605.0000000000001]
83 [45873,564,2.2,1240.8000000000002,404,836.8000000000002,null,836.8000000000002]
84 [45874,508,2.2,1117.6000000000001,460,657.6000000000001,null,657.6000000000001]
85 [45875,428,2.2,941.6,130,811.6,null,811.6]
86 [45876,0,2.2,0,0,0,2930,-2930,"╪ح┘è╪»╪د╪╣ ╪د┘┘à╪ذ╪د┘╪║ ┘┘è ╪د┘╪ذ┘┘â"]
87 [45876,798,2.2,1755.6000000000001,923,832.6000000000001,null,832.6000000000001]
88 [45877,619,2.2,1361.8000000000002,420,941.8000000000002,146,795.8000000000002,"╪╣╪┤╪د╪ة ┘┘╪▒╪خ╪د╪│╪ر "]
89 [45878,612,2.2,1346.4,30,1316.4,null,1316.4]
90 [45879,718,2.2,1579.6000000000001,140,1439.6000000000001,null,1439.6000000000001]
91 [45880,610,2.2,1342,522.5,819.5,null,819.5]
92 [45881,421,2.2,926.2,295,631.2,null,631.2]
93 [45882,null,null,0,null,0,5825,-5825,"╪ح┘è╪»╪د╪╣+ ╪ز╪ص┘ê┘è┘ 15800"]
94 [45882,508,2.2,1117.6000000000001,null,1117.6000000000001,null,1117.6000000000001]
95 [45883,528,2.2,1161.6000000000001,190,971.6000000000001,null,971.6000000000001]
96 [45884,136,2.2,299.20000000000005,300,-0.7999999999999545,null,-0.7999999999999545]
97 [45885,488,2.2,1073.6000000000001,358,715.6000000000001,null,715.6000000000001]
98 [45886,721,2.2,1586.2,1065,521.2,null,521.2]
99 [45887,364,2.2,800.8000000000001,190,610.8000000000001,null,610.8000000000001]
100 [45888,399,2.2,877.8000000000001,440,437.80000000000007,null,437.80000000000007]
101 [45889,540,2.2,1188,1085,103,null,103]
102 [45890,747,2.2,1643.4,475,1168.4,null,1168.4]
103 [45891,190,2.2,418.00000000000006,310,108.00000000000006,null,108.00000000000006]
104 [45892,1045,2.2,2299,1276,1023,null,1023]
105 [45893,479,2.2,1053.8000000000002,70,983.8000000000002,null,983.8000000000002]
106 [45894,421,2.2,926.2,582,344.20000000000005,null,344.20000000000005]
107 [45895,828,2.2,1821.6000000000001,650,1171.6000000000001,null,1171.6000000000001]
108 [45896,630,2.2,1386,254,1132,null,1132]
109 [45897,937,2.2,2061.4,328,1733.4,3,1730.4]
110 [45898,274,2.2,602.8000000000001,300,302.80000000000007,null,302.80000000000007]
111 [45899,351,2.2,772.2,50,722.2,null,722.2]
112 [45900,546,2.2,1201.2,415,786.2,null,786.2]
113 [45901,null,null,0,null,0,13950,-13950,"╪ح┘è╪»╪د╪╣"]
114 [45901,1257,2.2,2765.4,1714,1051.4,null,1051.4]
115 [45902,1306,2.2,2873.2000000000003,1398,1475.2000000000003,null,1475.2000000000003]
116 [45903,719,2.2,1581.8000000000002,965,616.8000000000002,null,616.8000000000002]
117 [45904,1025,2.2,2255,1082.5,1172.5,null,1172.5]
118 [45905,930,2.2,2046.0000000000002,1101.17,944.8300000000002,null,944.8300000000002]
119 [45906,1905,2.2,4191,225,3966,null,3966]
120 [45907,2057,2.2,4525.400000000001,844,3681.4000000000005,null,3681.4000000000005]
121 [45908,947,2.2,2083.4,490,1593.4,null,1593.4]
122 [45909,1177,2.2,2589.4,1352,1237.4,null,1237.4]
123 [45910,848,2.2,1865.6000000000001,900,965.6000000000001,null,965.6000000000001]
124 [45911,2234,2.2,4914.8,218.92,4695.88,null,4695.88]
125 [45912,348,2.2,765.6,160,605.6,null,605.6]
126 [45913,704,2.2,1548.8000000000002,225,1323.8000000000002,null,1323.8000000000002]
127 [45914,null,null,0,null,0,23305,-23305,"╪ح┘è╪»╪د╪╣"]
128 [45914,1696,2.2,3731.2000000000003,860.42,2870.78,null,2870.78]
129 [45915,1088,2.2,2393.6000000000004,580,1813.6000000000004,null,1813.6000000000004]
130 [45916,2124,2.2,4672.8,310,4362.8,null,4362.8]
131 ["17/092025",null,null,0,null,0,10065,-10065,"╪ح┘è╪»╪د╪╣+ ╪ز╪ص┘ê┘è┘ 22328"]
132 [45917,1064,2.2,2340.8,535,1805.8000000000002,null,1805.8000000000002]
133 [45918,906,2.2,1993.2000000000003,489,1504.2000000000003,100,1404.2000000000003,"┘╪│╪د╪خ┘é ╪د┘╪ز╪▒┘è┘╪ر"]
134 [45919,652,2.2,1434.4,null,1434.4,null,1434.4]
135 [45920,2179,2.2,4793.8,815,3978.8,null,3978.8]
136 [45921,971,2.2,2136.2000000000003,345,1791.2000000000003,null,1791.2000000000003]
137 [45922,null,null,0,null,0,9210,-9210,"╪ح┘è╪»╪د╪╣"]
138 [45922,652,2.2,1434.4,467,967.4000000000001,null,967.4000000000001]
139 [45923,1169,2.2,2571.8,656,1915.8000000000002,null,1915.8000000000002]
140 [45924,982,2.2,2160.4,1081,1079.4,null,1079.4]
141 [45925,null,null,0,null,0,4160,-4160,"╪ح┘è╪»╪د╪╣"]
142 [45925,2083,2.2,4582.6,856.5,3726.1000000000004,null,3726.1000000000004]
143 [45926,411,2.2,904.2,819,85.20000000000005,null,85.20000000000005]
144 [45927,2415,2.2,5313,718,4595,null,4595]
145 [45928,878,2.2,1931.6000000000001,880,1051.6000000000001,50,1001.6000000000001,"╪د╪ذ┘ê╪ص╪│┘ ╪ذ┘╪▓┘è┘ ┘┘à╪ش╪د┘ç╪»┘è┘"]
146 [45929,848,2.2,1865.6000000000001,964,901.6000000000001,null,901.6000000000001]
147 [45930,556,2.2,1223.2,95,1128.2,null,1128.2]
148 [45931,1660,2.2,3652.0000000000005,837,2815.0000000000005,null,2815.0000000000005]
149 [45932,null,null,0,null,0,14240,-14240,"╪ح┘è╪»╪د╪╣"]
150 [45932,1635,2.2,3597.0000000000005,503,3094.0000000000005,null,3094.0000000000005]
151 [45933,731,2.2,1608.2,1546,62.200000000000045,null,62.200000000000045]
152 [45934,1683,2.2,3702.6000000000004,570,3132.6000000000004,null,3132.6000000000004]
153 [45935,null,null,0,null,0,6275,-6275,"╪ح┘è╪»╪د╪╣"]
154 [45935,1807,2.2,3975.4000000000005,963,3012.4000000000005,null,3012.4000000000005]
155 [45936,974,2.2,2142.8,1837,305.8000000000002,null,305.8000000000002]
156 [45937,1829,2.2,4023.8,1145,2878.8,null,2878.8]
157 [45938,1445,2.2,3179.0000000000005,1205,1974.0000000000005,null,1974.0000000000005]
158 [45939,1563,2.2,3438.6000000000004,885,2553.6000000000004,20,2533.6000000000004,"╪ذ┘╪د┘ ╪ذ┘╪▓┘è┘"]
159 [45940,322,2.2,708.4000000000001,350,358.4000000000001,null,358.4000000000001]
160 [45941,2067,2.2,4547.400000000001,410,4137.400000000001,null,4137.400000000001]
161 [45942,null,null,0,null,0,15200,-15200,"╪ح┘è╪»╪د╪╣"]
162 [45942,1465,2.2,3223.0000000000005,1170,2053.0000000000005,null,2053.0000000000005]
163 [45943,null,null,0,null,0,2060,-2060,"╪ح┘è╪»╪د╪╣+╪ز╪ص┘ê┘è┘ 18485"]
164 [45943,576,2.2,1267.2,110,1157.2,null,1157.2]
165 [45943,null,null,0,null,0,null,0]
166 [45944,1070,2.2,2354,661,1693,100,1593,"┘╪│╪د╪خ┘é ╪د┘╪ز╪▒┘è┘╪ر"]
167 [45945,1730,2.2,3806.0000000000005,1954,1852.0000000000005,null,1852.0000000000005]
168 [45946,1837,2.2,4041.4000000000005,331,3710.4000000000005,7100,-3389.5999999999995,"╪ح┘è╪»╪د╪╣"]
169 [45947,947,2.2,2083.4,750,1333.4,null,1333.4]
170 [45948,1875,2.2,4125,473,3652,null,3652]
171 [45949,1396,2.2,3071.2000000000003,851,2220.2000000000003,null,2220.2000000000003]
172 [45950,801,2.2,1762.2,678,1084.2,null,1084.2]
173 [45951,2122,2.2,4668.400000000001,580,4088.4000000000005,null,4088.4000000000005]
174 [45952,2015,2.2,4433,1102,3331,null,3331]
175 [45953,1396,2.2,3071.2000000000003,553,2518.2000000000003,null,2518.2000000000003]
176 [45954,428,2.2,941.6,140,801.6,null,801.6]
177 [45955,2927,2.2,6439.400000000001,1749,4690.400000000001,null,4690.400000000001]
178 [45956,null,null,0,null,0,24900,-24900,"╪ح┘è╪»╪د╪╣ "]
179 [45956,1564,2.2,3440.8,1323,2117.8,null,2117.8]
180 [45957,2106,2.2,4633.200000000001,969,3664.2000000000007,null,3664.2000000000007]
181 [45958,null,null,0,null,0,5775,-5775,"╪ح┘è╪»╪د╪╣+ ╪▒╪╡┘è╪» ╪د┘╪ذ┘┘â 41157.85"]
182 [45958,819,2.2,1801.8000000000002,1034,767.8000000000002,null,767.8000000000002]
183 [45959,2359,2.2,5189.8,2250,2939.8,null,2939.8]
184 [45960,440,2.2,968.0000000000001,903,65.00000000000011,null,65.00000000000011]
185 [45961,1390,2.2,3058.0000000000005,120,2938.0000000000005,null,2938.0000000000005]
186 [45962,1384,2.2,3044.8,860,2184.8,null,2184.8]
187 [45963,null,null,0,null,0,8950,-8950,"╪ح┘è╪»╪د╪╣"]
188 [45963,1351,2.2,2972.2000000000003,1750,1222.2000000000003,null,1222.2000000000003]
189 [56921,1388,2.2,3053.6000000000004,654,2399.6000000000004,null,2399.6000000000004]
190 [45965,1465,2.2,3223.0000000000005,558,2665.0000000000005,10,2655.0000000000005,"╪ذ┘╪▓┘è┘ ╪ذ┘╪د┘"]
191 [45966,829,2.2,1823.8000000000002,948,875.8000000000002,null,875.8000000000002]
192 [45967,88,2.2,193.60000000000002,null,193.60000000000002,null,193.60000000000002]
193 [45967,null,null,0,null,0,7165,-7165,"╪د┘è╪»╪د╪╣ + ╪ز╪ص┘ê┘è┘ 21553"]
194 [45967,917,2.2,2017.4,null,2017.4,null,2017.4,"╪د┘╪▒╪╡┘è╪» 9195.85"]
195 [45967,null,null,0,null,0,null,0]
196 [45968,994,2.2,2186.8,920,1266.8000000000002,100,1166.8000000000002,"┘╪│╪د╪خ┘é ╪د┘╪ز╪▒┘è┘╪ر"]
197 [45969,1901,2.2,4182.200000000001,1441,2741.2000000000007,null,2741.2000000000007]
198 [45970,2011,2.2,4424.200000000001,2391,2033.2000000000007,null,2033.2000000000007]
199 [45970,null,null,0,null,0,6125,-6125,"╪ح┘è╪»╪د╪╣"]
200 [45971,2068,2.2,4549.6,600,3949.6000000000004,null,3949.6000000000004]
201 [45972,666,2.2,1465.2,193,1272.2,null,1272.2]
202 [45973,1370,2.2,3014.0000000000005,324,2690.0000000000005,null,2690.0000000000005]
203 [45974,1310,2.2,2882.0000000000005,613,2269.0000000000005,null,2269.0000000000005]
204 [45975,148,2.2,325.6,245,80.60000000000002,null,80.60000000000002]
205 [45976,1343,2.2,2954.6000000000004,696,2258.6000000000004,null,2258.6000000000004]
206 [45977,null,null,0,null,0,14530,-14530,"╪ح┘è╪»╪د╪╣ + ╪د┘╪▒╪╡┘è╪» 29850"]
207 [45977,2133,2.2,4692.6,38,4654.6,null,4654.6]
208 [45978,1118,2.2,2459.6000000000004,420,2039.6000000000004,null,2039.6000000000004]
209 [45979,1538,2.2,3383.6000000000004,1500,1883.6000000000004,null,1883.6000000000004]
210 [45980,1915,2.2,4213,1660,2553,null,2553]
211 [45981,1720,2.2,3784.0000000000005,416,3368.0000000000005,null,3368.0000000000005]
212 [45982,426,2.2,937.2,192,745.2,null,745.2]
213 [45983,2103,2.2,4626.6,1606,3020.6000000000004,null,3020.6000000000004]
214 [45984,2163,2.2,4758.6,1070,3688.6000000000004,null,3688.6000000000004]
215 [45985,1346,2.2,2961.2000000000003,1124,1837.2000000000003,null,1837.2000000000003]
216 [45986,843,2.2,1854.6000000000001,718,1136.6000000000001,null,1136.6000000000001]
217 [45987,1633,2.2,3592.6000000000004,1498,2094.6000000000004,null,2094.6000000000004]
218 [45988,null,null,0,null,0,27025,-27025,"╪ح┘è╪»╪د╪╣ +╪د┘╪▒╪╡┘è╪» 56875"]
219 [45988,1434,2.2,3154.8,675,2479.8,null,2479.8]
220 [45989,958,2.2,2107.6000000000004,700,1407.6000000000004,null,1407.6000000000004]
221 [45990,null,null,0,null,0,null,0]
222 [45990,1837,2.2,4041.4000000000005,1403,2638.4000000000005,100,2538.4000000000005,"┘╪│╪د╪خ┘é ╪د┘╪ز╪▒┘è┘╪ر"]
223 [45991,null,null,0,null,0,6400,-6400,"╪د┘è╪»╪د╪╣ + ╪ز╪ص┘ê┘è┘ 20443"]
224 [45991,1447,2.2,3183.4,290,2893.4,null,2893.4]
225 [45992,1555,2.2,3421.0000000000005,1968,1453.0000000000005,null,1453.0000000000005]
226 [45993,1981,2.2,4358.200000000001,1384,2974.2000000000007,null,2974.2000000000007]
227 [45994,918,2.2,2019.6000000000001,370,1649.6000000000001,null,1649.6000000000001]
228 [45995,856,2.2,1883.2,352,1531.2,null,1531.2]
229 [45996,408,2.2,897.6,681,216.60000000000002,null,216.60000000000002]
230 [45997,138,2.2,303.6,105,198.60000000000002,null,198.60000000000002]
231 [45998,137,2.2,301.40000000000003,263,38.400000000000034,null,38.400000000000034]
232 [45999,105,2.2,231.00000000000003,10,221.00000000000003,null,221.00000000000003]
233 [null,null,null,0,null,0,11225,-11225]
234 [46000,508,2.2,1117.6000000000001,417,700.6000000000001,null,700.6000000000001]
235 [46001,2378,2.2,5231.6,1615,3616.6000000000004,null,3616.6000000000004]
236 [46002,1637,2.2,3601.4,148,3453.4,null,3453.4]
237 [46003,662,2.2,1456.4,360,1096.4,null,1096.4]
238 [46004,532,2.2,1170.4,643,527.4000000000001,null,527.4000000000001]
239 [46005,1720,2.2,3784.0000000000005,230,3554.0000000000005,null,3554.0000000000005]
240 [46006,null,null,0,null,0,12850,-12850,"╪ح┘è╪»╪د╪╣"]
241 [46006,1384,2.2,3044.8,657,2387.8,null,2387.8]
242 [46007,905,2.2,1991.0000000000002,1143,848.0000000000002,null,848.0000000000002]
243 [46008,356,2.2,783.2,210,573.2,null,573.2]
244 [46009,456,2.2,1003.2,240,763.2,null,763.2]
245 [46010,329,2.2,723.8000000000001,627,96.80000000000007,null,96.80000000000007]
246 [46011,1836,2.2,4039.2000000000003,265,3774.2000000000003,null,3774.2000000000003]
247 [46012,1290,2.2,2838.0000000000005,646,2192.0000000000005,null,2192.0000000000005]
248 [46013,null,null,0,null,0,10740,-10740]
249 [46013,1092,2.2,2402.4,953.51,1448.89,null,1448.89]
250 [46014,795,2.2,1749.0000000000002,450,1299.0000000000002,null,1299.0000000000002]
251 [46015,1116,2.2,2455.2000000000003,610,1845.2000000000003,200,1645.2000000000003,"╪ذ┘╪د┘ ╪د┘╪ذ╪د┘â╪│╪ز╪د┘┘è +200 ┘à╪╣╪ز╪╡┘à"]
252 [46016,3129,2.2,6883.8,603,6280.8,null,6280.8]
253 [46017,725,2.2,1595.0000000000002,229,1366.0000000000002,null,1366.0000000000002]
254 [46018,1777,2.2,3909.4,740,3169.4,null,3169.4]
255 [46019,null,null,0,null,0,14210,-14210,"╪ح┘è╪»╪د╪╣"]
256 [46019,1149,2.2,2527.8,1589,938.8000000000002,null,938.8000000000002]
257 [null,null,null,0,null,0,null,0]
258 [46020,2168,2.2,4769.6,1104.5,3665.1000000000004,116.5,3548.6000000000004,"╪│┘ê╪د┘é ╪د┘╪ز╪▒┘è┘╪ر+ ╪ذ┘╪د┘"]
259 [46021,2082,2.2,4580.400000000001,666,3914.4000000000005,null,3914.4000000000005]
260 [46022,699,2.2,1537.8000000000002,523,1014.8000000000002,null,1014.8000000000002]
261 [46023,1026,2.2,2257.2000000000003,1500,757.2000000000003,null,757.2000000000003]
262 [46024,345,2.2,759.0000000000001,null,759.0000000000001,null,759.0000000000001]
263 [46025,1238,2.2,2723.6000000000004,270,2453.6000000000004,null,2453.6000000000004]
264 [46026,910,2.2,2002.0000000000002,816,1186.0000000000002,null,1186.0000000000002]
265 [46027,1001,2.2,2202.2000000000003,960,1242.2000000000003,null,1242.2000000000003]
266 [46028,null,null,0,null,0,15800,-15800,"╪ح┘è╪»╪د╪╣ "]
267 [46028,2196,2.2,4831.200000000001,756,4075.2000000000007,null,4075.2000000000007]
268 [46029,1820,2.2,4004.0000000000005,676,3328.0000000000005,7370,-4041.9999999999995]
269 [46030,1240,2.2,2728,676,2052,null,2052]
270 [46031,372,2.2,818.4000000000001,175,643.4000000000001,null,643.4000000000001]
271 [46032,184,2.2,404.8,255,149.8,null,149.8]
272 [46033,3165,2.2,6963.000000000001,624,6339.000000000001,null,6339.000000000001]
273 [46034,1836,2.2,4039.2000000000003,1125,2914.2000000000003,14,2900.2000000000003,"┘ç╪د┘┘â ┘┘è ╪د╪«╪ز╪ذ╪د╪▒ ╪د┘ ┘┘è "]
274 [46035,640,2.2,1408,120,1288,null,1288]
275 [46036,714,2.2,1570.8000000000002,403,1167.8000000000002,null,1167.8000000000002]
276 [46037,2186,2.2,4809.200000000001,2826.95,1982.250000000001,null,1982.250000000001]
277 [46038,236,2.2,519.2,355,164.20000000000005,null,164.20000000000005]
278 [46039,1414,2.2,3110.8,530,2580.8,null,2580.8]
279 [46040,744,2.2,1636.8000000000002,969.7,667.1000000000001,null,667.1000000000001]
280 [46041,null,null,0,null,0,20000,-20000,"╪ح┘è╪»╪د╪╣ ┘┘é╪»┘è"]
281 [46041,1512,2.2,3326.4,null,3326.4,null,3326.4]
282 [46042,1168,2.2,2569.6000000000004,91,2478.6000000000004,null,2478.6000000000004]
283 [46043,1531,2.2,3368.2000000000003,1439,1929.2000000000003,null,1929.2000000000003]
284 [46044,null,null,0,null,0,7720,-7720]
285 [46044,1085,2.2,2387,310,2077,null,2077]
286 [46045,70,2.2,154,21,133,null,133]
287 [46046,614,2.2,1350.8000000000002,248,1102.8000000000002,100,1002.8000000000002,"╪│┘ê╪د┘é ╪د┘╪ز╪▒┘è┘╪ر "]
288 [45682,null,null,0,null,0,3210,-3210]
289 [null,null,null,0,null,0,null,0]
290 [45682,837,2.2,1841.4,370,1471.4,null,1471.4]
291 [46048,3209,2.2,7059.8,615,6444.8,null,6444.8]
292 [46049,361,2.2,794.2,491,303.20000000000005,1000,-696.8,"┘à╪╣╪ز╪╡┘à"]
293 [46050,967,2.2,2127.4,930,1197.4,null,1197.4]
294 [46051,1064,2.2,2340.8,2340,0.8000000000001819,null,0.8000000000001819]
295 [46052,193,2.2,424.6,120,304.6,null,304.6]
296 [46053,1294,2.2,2846.8,611.82,2234.98,null,2234.98]
297 [46054,3156,2.2,6943.200000000001,1813,5130.200000000001,null,5130.200000000001]
298 [46055,1896,2.2,4171.200000000001,1236,2935.2000000000007,null,2935.2000000000007]
299 [46056,3492,2.2,7682.400000000001,1490,6192.400000000001,null,6192.400000000001]
300 [45692,713,2.2,1568.6000000000001,714,854.6000000000001,null,854.6000000000001]
301 [45693,2011,2.2,4424.200000000001,1008,3416.2000000000007,50,3366.2000000000007,"50 ┘┘à╪╣╪ز╪╡┘à + 50┘à┘ ╪د┘┘â╪د╪┤"]
302 [45694,null,null,0,null,0,null,0]
303 [46029,1219,2.2,2681.8,1492,1189.8000000000002,null,1189.8000000000002]
304 [null,null,null,0,null,0,30625,-30625,"╪ح┘è╪»╪د╪╣"]
305 [46061,854,2.2,1878.8000000000002,710,1168.8000000000002,null,1168.8000000000002]
306 [46062,2561,2.2,5634.200000000001,1391,4243.200000000001,null,4243.200000000001]
307 [46063,2124,2.2,4672.8,875,3797.8,null,3797.8]
308 [46064,1551,2.2,3412.2000000000003,3179,233.20000000000027,null,233.20000000000027]
309 [46065,1944,2.2,4276.8,750,3526.8,null,3526.8]
310 [46066,292,2.2,642.4000000000001,643.27,-0.8699999999998909,null,-0.8699999999998909]
311 [46067,1914,2.2,4210.8,1204,3006.8,null,3006.8]
312 [46068,null,null,0,null,0,16970,-16970,"╪ح┘è╪»╪د╪╣"]
313 [46068,647,2.2,1423.4,333.74,1089.66,null,1089.66]
314 [46069,null,null,0,null,0,null,0]
315 [46069,421,2.2,926.2,430,496.20000000000005,100,396.20000000000005]
316 [46070,215,2.2,473.00000000000006,288,185.00000000000006,null,185.00000000000006]
317 [null,700,2.2,1540.0000000000002,null,1540.0000000000002,null,1540.0000000000002]
318 [46071,83,2.2,182.60000000000002,253,-70.39999999999998,null,-70.39999999999998]
319 [46072,162,2.2,356.40000000000003,50,306.40000000000003,null,306.40000000000003]
320 [46074,0,null,0,null,0,null,0,"┘┘à ┘è╪ز┘à ╪د┘╪ص╪│╪د╪ذ"]
321 [46075,559,2.2,1229.8000000000002,50,1179.8000000000002,null,1179.8000000000002]
322 [46076,947,2.2,2083.4,3,2080.4,null,2080.4]
323 [46077,451,2.2,992.2,820,172.20000000000005,null,172.20000000000005]
324 [46078,2518,2.2,5539.6,5212,327.60000000000036,null,327.60000000000036]
325 [46079,396,2.2,871.2,450,421.20000000000005,null,421.20000000000005]
326 [46080,440,2.2,968.0000000000001,510,458.0000000000001,null,458.0000000000001]
327 [46081,1712,2.2,3766.4,860,2906.4,null,2906.4]
328 [46082,1097,2.2,2413.4,1425,988.4000000000001,null,988.4000000000001]
329 [46083,471,2.2,1036.2,150,886.2,null,886.2]
330 [46084,0,null,0,null,0,2500,-2500,"┘┘à╪ش╪د┘ç╪»┘è┘"]
331 [46085,4474,2.2,9842.800000000001,3283,6559.800000000001,null,6559.800000000001]
332 [46086,236,2.2,519.2,329,190.20000000000005,null,190.20000000000005]
333 [46087,407,2.2,895.4000000000001,212.5,682.9000000000001,null,682.9000000000001]
334 [46088,1554,2.2,3418.8,1567,1851.8000000000002,4000,-2148.2,"┘à┘ ╪د┘è╪ش╪د╪▒ ╪د┘┘à╪ص╪╖┘ç"]
335 [46089,2015,2.2,4433,290,4143,null,4143]
336 [46090,384,2.2,844.8000000000001,330,514.8000000000001,null,514.8000000000001]
337 [46091,2545,2.2,5599,630,4969,null,4969]
338 [46092,0,null,0,null,0,25300,-25300,"╪ح┘è╪»╪د╪╣ "]
339 [46092,1410,2.2,3102.0000000000005,340,2762.0000000000005,null,2762.0000000000005]
340 [46093,1176,2.2,2587.2000000000003,280,2307.2000000000003,null,2307.2000000000003]
341 [46094,434,2.2,954.8000000000001,null,954.8000000000001,null,954.8000000000001]
342 [46095,0,null,0,null,0,null,0]
343 [46096,279,2.2,613.8000000000001,null,613.8000000000001,null,613.8000000000001]
344 [46097,388,2.2,853.6,100,753.6,null,753.6]
345 [46098,1897,2.2,4173.400000000001,570,3603.4000000000005,null,3603.4000000000005]
346 [46099,207,2.2,455.40000000000003,391,64.40000000000003,null,64.40000000000003]
347 [46100,0,0,0,null,0,2000,-2000,"╪│┘┘╪ر ┘à╪╣╪ز╪╡┘à"]
348 [46103,601,2.2,1322.2,null,1322.2,null,1322.2]
349 [46104,4126,2.2,9077.2,251,8826.2,null,8826.2]
350 [46105,null,null,0,null,0,19195,-19195]
351 [46105,700,2.2,1540.0000000000002,580,960.0000000000002,null,960.0000000000002]
352 [46106,null,null,0,null,0,null,0]
353 [46106,1185,2.2,2607,2020,587,100,487,"┘╪│╪د╪خ┘é ╪د┘╪ز╪▒┘è┘╪ر"]
354 [46107,503,2.2,1106.6000000000001,1017,89.60000000000014,null,89.60000000000014]
355 [46108,892,2.2,1962.4,1928,34.40000000000009,null,34.40000000000009]
356 [46109,2525,2.2,5555,132,5423,null,5423,"╪ذ╪د┘é┘è 373"]
357 [46110,1135,2.2,2497,2779.64,-282.6399999999999,null,-282.6399999999999]
358 [46111,2134,2.2,4694.8,2454,2240.8,null,2240.8]
359 [46112,null,null,0,null,0,8950,-8950]
360 [46112,1426,2.2,3137.2000000000003,2026,1111.2000000000003,null,1111.2000000000003]
361 [46113,4405,2.2,9691,9367,324,null,324]
362 [46114,1933,2.2,4252.6,2263,1989.6000000000004,20,1969.6000000000004,"╪┤╪ص┘ ╪ذ╪╖╪د┘é╪ر"]
363 [46115,700,2.2,1540.0000000000002,451.5,1088.5000000000002,null,1088.5000000000002]
364 [46116,1352,2.2,2974.4,1592,1382.4,null,1382.4]
365 [46117,191,2.2,420.20000000000005,70,350.20000000000005,null,350.20000000000005]
366 [46118,null,null,0,null,0,6250,-6250,"╪ح┘è╪»╪د╪╣"]
367 [46118,461,2.2,1014.2,85,929.2,null,929.2]
368 [46119,3834,2.2,8434.800000000001,3965.7,4469.100000000001,116,4353.100000000001,"╪ص╪│╪د╪ذ ┘╪د╪ز┘ê╪▒╪ر ┘â┘╪▒╪د╪ز"]
369 [46120,760,2.2,1672.0000000000002,1652,20.000000000000227,null,20.000000000000227]
370 [46121,1338,2.2,2943.6000000000004,1672,1271.6000000000004,null,1271.6000000000004]
371 [46122,1543,2.2,3394.6000000000004,50,3344.6000000000004,276,3068.6000000000004,"╪╖╪ذ╪د╪╣╪ر ┘┘ê╪د╪ز┘è╪▒ "]
372 [46123,2960,2.2,6512.000000000001,2980,3532.000000000001,null,3532.000000000001]
373 [46124,null,null,0,null,0,13150,-13150,"╪ح┘è╪»╪د╪╣"]
374 [46124,3935,2.2,8657,3060,5597,null,5597]
375 [null,null,null,0,null,0,null,0]
376 [46125,1122,2.2,2468.4,2090,378.4000000000001,100,278.4000000000001,"┘╪│╪د╪خ┘é ╪د┘╪ز╪▒┘è┘╪ر"]
377 [46126,254,2.2,558.8000000000001,558,0.8000000000000682,null,0.8000000000000682]
378 [46127,1464,2.2,3220.8,1326,1894.8000000000002,null,1894.8000000000002]
379 [46128,3478,2.2,7651.6,1762.31,5889.290000000001,null,5889.290000000001]
380 [46129,340,2.2,748.0000000000001,55,693.0000000000001,null,693.0000000000001]
381 [46130,3485,2.2,7667.000000000001,1669,5998.000000000001,null,5998.000000000001]
382 [46131,null,null,0,null,0,20500,-20500,"╪ح┘è╪»╪د╪╣"]
383 [46131,2887,2.2,6351.400000000001,944,5407.400000000001,null,5407.400000000001]
384 [46132,1556,2.2,3423.2000000000003,3347,76.20000000000027,null,76.20000000000027]
385 [46133,1190,2.2,2618,2215,403,null,403]
386 [46134,null,null,0,null,0,5840,-5840]
387 [46134,1485,2.2,3267.0000000000005,1468,1799.0000000000005,null,1799.0000000000005]
388 [46135,3266,2.2,7185.200000000001,2494,4691.200000000001,null,4691.200000000001]
389 [45040,276,2.2,607.2,308,299.20000000000005,null,299.20000000000005]
390 [46137,2699,2.2,5937.8,310,5627.8,null,5627.8]
391 [46138,null,null,0,null,0,12420,-12420]
392 [46138,3669,2.2,8071.800000000001,2009,6062.800000000001,null,6062.800000000001]
393 [46139,1860,2.2,4092.0000000000005,3416,676.0000000000005,null,676.0000000000005]
394 [46140,null,null,0,null,0,6680,-6680]
395 [46140,3700,2.2,8140.000000000001,1421,6719.000000000001,null,6719.000000000001]
396 [null,null,null,0,null,0,null,0]
397 [46141,3056,2.2,6723.200000000001,2622.96,4100.240000000001,100,4000.2400000000007,"┘╪│╪د╪خ┘é ╪د┘╪ز╪▒┘è┘╪ر"]
398 [46142,2080,2.2,4576,3079.13,1496.87,null,1496.87]
399 [46143,618,2.2,1359.6000000000001,1303,56.600000000000136,null,56.600000000000136]
400 [46144,3970,2.2,8734,6254.5,2479.5,null,2479.5]
401 [46145,2724,2.2,5992.8,4313.28,1679.5200000000004,null,1679.5200000000004]
402 [46146,1797,2.2,3953.4000000000005,1093.75,2859.6500000000005,null,2859.6500000000005]
403 [46147,1445,2.2,3179.0000000000005,175,3004.0000000000005,700,2304.0000000000005,"┘┘è ┘à┘ ╪ش╪»╪ر "]
404 [46148,1282,2.2,2820.4,1352,1468.4,null,1468.4]
405 [46149,2049,2.2,4507.8,372,4135.8,null,4135.8]
406 [46150,3134,2.2,6894.8,331,6563.8,null,6563.8]
407 [46151,3000,2.2,6600.000000000001,810,5790.000000000001,null,5790.000000000001]
408 [45787,2220,2.2,4884,3050,1834,44874,-43040,"┘â╪د╪┤ + ╪ز╪ص┘ê┘è┘ 24756"]
409 [46153,5392,2.2,11862.400000000001,null,11862.400000000001,null,11862.400000000001,"500 ╪ذ╪د┘é┘è"]
410 [null,null,null,0,null,0,null,0]
411 [46154,2033,2.2,4472.6,2936.38,1536.2200000000003,100,1436.2200000000003,"┘╪│╪د╪خ┘é ╪د┘╪ز╪▒┘è┘╪ر"]
412 [46155,1207,2.2,2655.4,999,1656.4,null,1656.4]
413 [46156,2024,2.2,4452.8,1686,2766.8,null,2766.8]
414 [46157,1270,2.2,2794,1330,1464,null,1464]
415 [46158,2768,2.2,6089.6,656,5433.6,null,5433.6]
416 [46159,1930,2.2,4246,700,3546,null,3546]
417 [46160,2886,2.2,6349.200000000001,3641,2708.2000000000007,null,2708.2000000000007]
418 [46161,4251,2.2,9352.2,3895,5457.200000000001,null,5457.200000000001]
419 [46162,2337,2.2,5141.400000000001,2384,2757.4000000000005,356,2401.4000000000005,"╪▓┘è╪ز ╪ذ╪ز╪▒┘ê┘à┘è┘ ╪ذ╪ص╪▒"]
420 [46163,1859,2.2,4089.8,3490,599.8000000000002,null,599.8000000000002]
421 [46164,613,2.2,1348.6000000000001,342.5,1006.1000000000001,null,1006.1000000000001]
422 [46165,3109,2.2,6839.8,2274,4565.8,null,4565.8]
423 [46166,1061,2.2,2334.2000000000003,1476,858.2000000000003,null,858.2000000000003]
424 ["╪د┘╪ح╪ش┘à╪د┘┘è",415124,null,913272.8,295342.97000000003,617929.8300000004,575700.5,42229.33000000007]
425 []
426 []
427 []
428 []
429 []
430 []
431 []
432 []
433 []
434 []
435 []
436 []
437 []
438 []
439 []
440 []
441 []
442 []
443 []
444 []
445 []
446 []
447 []
448 []
449 []
450 []

=== ┘à╪╡╪▒┘ê┘╪د╪ز ┘ê╪ز╪ص┘ê┘è┘╪د╪ز - ALL ROWS ===
Total rows: 36
0 ["╪د┘╪ز╪د╪▒┘è╪« ","╪د┘┘à╪ذ┘╪║ ","╪▒┘é┘à ╪د┘╪│┘╪» ","╪ذ┘è╪د┘",null,null,null,"╪د┘┘â┘à┘è╪ر ╪ذ╪د┘┘╪ز╪▒ ","╪│╪╣╪▒ ╪د┘┘╪ز╪▒ ","╪د┘╪ح╪ش┘à╪د┘┘è ","╪د┘┘à╪ذ┘╪║ ╪د┘┘à╪│╪»╪»","╪د┘╪ذ╪د┘é┘è"]
1 [45882,69630,33,"╪ز╪ص┘ê┘è┘ ┘┘à╪ج╪│╪ر ┘┘ê╪د┘ ╪ص╪د┘à╪» ╪╣┘┘è ╪ث╪ذ┘ê ╪ذ┘â╪▒ ┘┘┘┘é┘ ╪د┘╪ذ╪▒┘è ┘╪┤╪▒╪د╪ة ╪ذ┘╪▓┘è┘ ┘┘┘à╪ص╪╖╪ر",null,null,null,508,2.2,1117.6000000000001,300,817.6000000000001]
2 [45917,69630,"╪ز╪ص┘ê┘è┘","╪ز╪ص┘ê┘è┘ ┘┘à╪ج╪│╪ر ┘┘ê╪د┘ ╪ص╪د┘à╪» ╪╣┘┘è ╪ث╪ذ┘ê ╪ذ┘â╪▒ ┘┘┘┘é┘ ╪د┘╪ذ╪▒┘è ┘╪┤╪▒╪د╪ة ╪ذ┘╪▓┘è┘ ┘┘┘à╪ص╪╖╪ر",null,null,null,null,null,0,null,0]
3 [45943,69630,"╪ز╪ص┘ê┘è┘","╪ز╪ص┘ê┘è┘ ┘┘à╪ج╪│╪ر ┘┘ê╪د┘ ╪ص╪د┘à╪» ╪╣┘┘è ╪ث╪ذ┘ê ╪ذ┘â╪▒ ┘┘┘┘é┘ ╪د┘╪ذ╪▒┘è ┘╪┤╪▒╪د╪ة ╪ذ┘╪▓┘è┘ ┘┘┘à╪ص╪╖╪ر"]
4 [null,null,"╪ز╪ص┘ê┘è┘","╪ز╪ص┘ê┘è┘ ┘┘à╪ج╪│╪ر ┘┘ê╪د┘ ╪ص╪د┘à╪» ╪╣┘┘è ╪ث╪ذ┘ê ╪ذ┘â╪▒ ┘┘┘┘é┘ ╪د┘╪ذ╪▒┘è ┘╪┤╪▒╪د╪ة ╪ذ┘╪▓┘è┘ ┘┘┘à╪ص╪╖╪ر"]
5 []
6 ["╪د┘┘â┘à┘è╪ر ",33000]
7 []
8 []
9 [null,2.11,null,null,null,null,null,null,null,null,null,28603]
10 []
11 [null,null,null,null,null,null,null,null,null,null,null,4397]
12 [null,72600,null,62786.39]
13 [null,null,null,null,null,null,null,null,null,null,null,2970,null,290400]
14 []
15 [null,2970,null,17820,null,null,33000,null,null,11880,null,11880,null,null,null,null,null,276658.8]
16 [null,null,null,null,null,null,72600,null,null,null,null,null,null,null,null,null,null,2017.4]
17 [null,null,null,14200,null,null,null,null,null,null,null,null,null,null,null,null,null,278676.2]
18 [null,null,null,3620,null,null,2970,null,null,null,null,null,null,null,125754]
19 [null,null,null,3020,null,null,null,null,null,null,132000]
20 [null,null,null,72600,null,null,8910]
21 [null,null,null,2970,null,null,null,null,null,null,null,null,null,97151,null,null,null,13741.200000000012]
22 [null,null,null,2870,null,null,3382,null,null,null,6246,null,null,917]
23 [null,null,null,null,null,null,null,null,null,null,null,5329,null,98068,null,null,null,6246.000000000005]
24 [null,null,null,14350,null,null,5528,null,null,null,null,null,null,99000]
25 [null,null,null,null,null,null,4252]
26 [null,null,null,2870,null,null,null,null,null,null,null,null,null,932]
27 [null,null,null,17220,null,null,null,null,null,null,null,null,null,null,null,null,null,11723.799999999988]
28 [null,null,null,null,null,null,1276,null,null,null,null,null,null,null,null,null,null,5328.9999999999945]
29 [null,null,null,16020]
30 [null,null,null,null,null,null,846,null,null,null,null,72600,null,null,null,931.9999999999945]
31 [null,null,null,3020,null,null,null,null,null,null,null,2970]
32 [null,null,null,1372.7272727272725]
33 [null,null,null,null,null,null,null,null,null,null,null,11880]
34 []
35 [null,null,null,null,null,null,null,null,null,null,null,8910]
